train
4
10
3.000000 1.000000 5.000000 6.000000 4.000000
3.000000 2.250000 4.000000 4.000000 538000.000000
2.000000 1.000000 3.000000 1.000000 180000.000000
4.000000 3.000000 2.000000 2.000000 604000.000000
3.000000 2.000000 6.000000 3.000000 510000.000000
4.000000 4.500000 6.000000 4.000000 1230000.000000
3.000000 2.250000 4.000000 2.000000 257500.000000
3.000000 1.500000 5.000000 3.000000 291850.000000
3.000000 1.000000 2.000000 2.000000 229500.000000
3.000000 2.500000 3.000000 4.000000 323000.000000
